2.37633e-107
2.89432e-14
3.36098e-51
4.71541e-33
3.45415e-65
1.18999e-40
6.34056e-20
4.48993e-19
2.39147e-36
1.09297e-57
6.37505e-84
1.60012e-85
3.15132e-42
4.49964e-96
2.20607e-26
1.59703e-65
2.39293e-39
3.24263e-97
1.53376e-78
9.89853e-32
3.47285e-21
4.73099e-40
1.68933e-25
1.72035e-50
4.78316e-42
2.75625e-55
9.10884e-68
4.29916e-86
2.00459e-49
4.41102e-47
1.38844e-43
7.02822e-53
3.30213e-65
7.21935e-65
8.22739e-43
4.32637e-38
2.27338e-21
1.56104e-77
1.57706e-59
8.21758e-53
7.16713e-46
4.659e-60
6.57786e-52
6.63599e-76
3.35828e-48
7.70995e-83
1.99745e-44
4.65004e-65
2.23263e-55
4.10368e-24
1.68708e-102
1.0969e-51
1.82329e-45
4.49898e-27
1.44747e-42
9.55936e-51
9.98508e-69
1.62814e-92
8.45304e-72
3.50058e-52
9.27467e-13
2.41972e-67
1.60525e-101
2.33633e-48
3.14713e-93
1.77627e-29
2.97354e-36
9.14865e-23
2.67953e-39
5.7471e-71
6.53015e-70
3.73338e-76
1.80606e-19
8.60345e-94
7.75177e-10
3.37649e-16
1.07449e-77
7.30315e-48
1.16452e-25
5.95148e-66
1.07908e-38
4.81677e-51
7.53479e-44
6.0647e-45
3.63253e-41
9.84522e-61
1.8088e-68
9.09706e-63
1.2418e-99
1.7866e-42
3.49124e-70
3.07712e-65
1.16923e-64
2.47053e-38
1.06895e-74
9.91286e-25
1.94258e-91
3.15891e-60
3.45797e-47
2.24762e-74
6.38195e-80
4.89604e-37
1.51094e-38
2.10764e-68
9.0753e-97
2.16841e-25
2.74642e-65
2.06379e-35
4.11219e-63
2.36812e-34
4.22487e-25
1.24564e-51
4.37023e-58
2.65466e-94
1.31442e-49
1.18251e-47
1.65181e-44
1.2374e-34
1.54608e-74
1.14717e-43
5.4838e-44
2.78337e-64
2.60413e-23
9.00975e-84
6.81314e-47
1.60495e-99
1.72208e-56
6.59669e-33
1.99478e-67
4.23457e-27
1.5967e-49
3.10521e-78
1.27746e-54
7.42971e-62
5.27395e-69
6.43542e-48
9.12065e-92
1.59658e-76
6.00039e-51
3.15088e-78
5.17324e-67
1.41756e-75
1.45005e-47
2.07517e-47
3.96952e-33
4.69875e-98
4.82301e-70
1.7683e-48
4.71987e-45
1.56121e-65
2.17828e-38
6.41236e-67
1.67238e-37
1.17605e-40
3.62961e-92
7.18329e-30
1.32071e-44
1.39401e-37
6.8804e-80
1.17648e-31
2.63155e-84
2.34667e-37
1.29369e-56
2.71769e-73
2.31435e-61
3.23685e-40
4.08167e-34
1.96276e-84
2.90064e-88
1.97204e-22
1.111e-34
2.11984e-69
1.03221e-77
7.14091e-30
2.62379e-74
1.39379e-60
5.95976e-109
5.4112e-38
3.1321e-41
1.08098e-47
4.37005e-37
3.08573e-57
1.67464e-46
1.14418e-54
2.94113e-77
2.41287e-13
1.34842e-05
4.80663e-58
1.89329e-47
3.1284e-107
1.14715e-62
6.00124e-37
2.35207e-49
1.0868e-36
2.51172e-45
3.39492e-13
2.08936e-40
9.84465e-42
2.26567e-44
